807
3 7
86 136
17 116
402 530
324 210
623 189
574 694
291 312
205 807
601 237
98 259
256 42
86 583
187 575
184 532
347 142
581 294
358 230
43 754
676 25
258 225
710 689
54 462
614 359
72 23
103 31
695 344
280 212
658 759
261 535
62 235
16 8
667 768
667 238
46 407
239 34
2 74
158 431
262 110
27 420
13 3
459 168
442 149
10 12
391 269
163 385
661 104
148 605
708 449
94 21
77 197
20 51
665 785
389 428
353 103
172 66
295 517
277 275
163 211
618 193
2 8
431 482
110 305
45 36
368 185
672 138
276 445
383 249
686 394
657 329
701 543
198 117
406 263
56 244
432 99
734 471
371 126
142 107
295 660
515 570
209 5
139 367
186 319
23 68
135 504
538 473
183 757
550 200
351 162
403 673
352 604
19 13
399 706
3 75
212 790
408 269
429 179
497 779
142 210
415 136
179 456
64 63
430 225
101 500
144 436
328 439
115 111
240 238
26 165
63 126
169 290
725 596
16 39
46 67
80 4
6 1
268 162
674 64
418 149
14 52
56 69
322 357
744 617
478 114
57 77
71 199
285 802
763 191
728 146
13 412
796 497
629 762
68 104
102 12
561 396
588 786
139 246
538 704
1 2
237 393
369 587
164 82
641 707
5 10
124 337
163 86
299 180
691 349
414 211
685 580
108 441
217 112
168 464
460 617
616 495
20 7
85 370
107 110
228 209
79 92
435 412
400 156
7 31
106 365
23 93
489 404
287 480
270 283
195 547
7 28
193 215
403 164
355 72
426 362
151 699
61 317
363 668
467 20
585 358
753 353
375 169
84 219
257 158
256 512
630 414
159 498
766 126
363 26
98 21
359 206
716 86
226 413
357 700
4 91
72 95
49 652
800 140
717 383
689 505
574 397
351 735
376 316
190 136
111 749
633 322
419 16
342 337
83 263
24 425
120 113
784 297
405 479
805 29
66 281
21 55
548 565
458 448
180 181
99 150
445 647
105 395
176 129
131 107
91 637
299 381
320 191
230 157
638 456
106 205
441 644
543 296
323 89
64 329
799 197
619 533
155 663
385 792
199 216
4 63
250 488
88 527
69 96
99 101
559 171
465 496
2 261
475 262
606 257
217 463
720 31
648 221
546 140
123 302
389 348
119 13
341 185
286 556
174 32
328 267
23 18
384 398
124 26
564 401
791 510
271 61
193 609
109 105
261 794
99 46
457 396
491 506
722 478
201 13
654 387
333 217
3 229
806 228
522 179
740 324
290 733
333 588
677 235
54 146
102 279
67 327
713 460
19 27
9 242
233 135
284 122
224 175
193 96
433 297
121 12
46 20
12 453
509 407
247 239
634 477
111 47
14 6
655 29
783 499
367 549
497 252
575 627
183 147
31 553
382 353
586 145
665 493
146 168
40 162
551 56
87 388
352 101
319 632
682 223
155 12
275 313
371 781
443 74
272 29
41 461
27 58
189 176
380 6
241 151
127 416
335 299
227 514
158 288
102 626
499 1
111 139
274 563
148 608
20 66
703 169
311 417
308 213
84 16
202 81
578 579
17 47
454 394
134 86
123 42
204 40
392 28
22 40
22 3
451 68
469 431
30 86
193 739
303 106
46 448
277 577
699 780
127 103
611 536
336 245
212 746
345 89
422 379
788 281
296 166
14 322
745 143
146 238
17 529
130 15
411 387
467 558
635 418
455 19
339 166
731 104
33 76
629 583
325 495
374 404
698 413
697 653
300 140
161 111
105 78
743 234
675 492
28 159
752 663
525 16
5 4
385 421
444 137
65 145
776 732
171 11
544 145
797 70
171 494
607 291
369 199
765 559
48 15
270 221
567 11
20 620
714 17
593 291
572 550
265 192
201 236
798 445
536 137
81 747
51 118
702 374
330 238
750 721
270 298
113 137
100 40
218 188
158 34
483 187
83 47
503 594
220 410
81 315
103 397
46 595
592 771
447 519
177 314
69 132
512 539
531 693
543 603
302 362
399 210
596 432
14 53
447 164
770 742
548 96
325 29
215 502
199 528
709 4
727 630
112 93
117 387
191 223
221 789
14 108
127 152
25 17
801 213
157 61
273 67
659 439
72 82
280 526
643 596
24 49
135 203
379 331
237 234
772 488
345 386
17 1
33 599
187 174
140 15
405 130
52 169
76 106
186 7
318 71
505 414
2 18
639 313
518 490
252 114
200 117
628 558
9 11
462 690
474 448
271 560
730 514
87 423
67 248
545 222
541 240
555 115
41 221
275 213
382 804
37 85
155 460
602 352
31 36
25 185
340 141
557 260
299 487
71 39
569 45
397 683
109 449
111 285
615 577
680 164
94 591
33 378
159 540
50 7
274 91
276 120
401 367
320 468
337 364
493 755
56 44
60 24
295 186
582 343
113 68
645 300
140 646
232 131
394 359
52 748
533 438
24 590
7 349
374 34
686 761
8 34
43 166
4 2
656 498
62 34
612 101
658 149
5 366
137 225
13 26
534 485
47 88
361 92
42 1
89 17
194 71
598 448
220 137
14 81
58 266
557 578
724 778
510 387
117 33
434 20
41 182
336 491
684 566
249 59
50 154
649 225
503 384
141 120
615 729
147 2
705 241
501 47
130 736
14 29
250 18
88 282
87 7
554 146
377 409
34 54
332 212
12 153
206 631
246 294
143 81
185 208
721 365
180 171
218 524
729 732
653 25
782 258
513 138
24 35
584 505
179 141
214 192
681 257
376 719
97 56
219 692
2 184
764 348
1 3
308 331
183 346
144 113
301 276
292 170
96 188
220 576
600 494
83 135
15 6
760 118
175 41
2 9
485 35
438 414
769 660
517 562
607 687
669 316
260 133
523 367
521 367
32 59
21 7
331 738
77 178
723 250
222 111
621 148
348 130
531 403
145 231
440 283
382 437
671 441
365 711
245 360
82 508
129 81
47 304
625 773
10 37
552 92
396 286
328 566
181 245
688 660
260 650
678 655
111 125
128 87
356 123
249 350
335 493
476 203
54 57
60 156
471 364
498 767
151 39
696 539
372 775
156 227
289 334
777 574
520 443
452 75
473 456
34 326
12 122
322 384
264 173
134 321
651 216
372 213
718 357
286 252
107 76
132 492
272 624
255 191
537 15
155 737
311 122
287 466
269 229
62 390
2 472
196 129
28 170
507 223
248 254
111 516
486 200
554 742
542 233
795 419
